ESS=[8142.274328184614 8131.483765037261
 8168.970111689694 8140.822379166122
 8196.777929702888 8162.299777015261
 8244.827572671218 8156.475748280959
 8248.181771116508 8171.692413456092
 8309.410039649892 8200.633966520814
 8312.563334968696 8197.406686841186
 8437.185021187272 8277.98887576558
 8625.265441356984 8397.320331932673
 8838.091097361443 8615.375514061414
 9054.5591028758 8820.228684858284
 8783.213486246443 8427.825053326838
 9536.59714460257 9199.177276315315
 10244.28475408998 10312.853138375714
 10901.896510287403 11003.807788995791
 12027.29738465277 12492.883435552294
 NaN NaN
 NaN NaN
 NaN NaN
 NaN NaN
 NaN NaN
 NaN NaN
 NaN NaN
 NaN NaN
 NaN NaN
 NaN NaN
 NaN NaN
 NaN NaN
 NaN NaN
 NaN NaN
 NaN NaN
 NaN NaN]; stepsizevec=[0.001,0.007419354838709678,0.013838709677419354,0.020258064516129035,0.02667741935483871,0.03309677419354839,0.03951612903225807,0.04593548387096775,0.05235483870967742,0.05877419354838711,0.06519354838709678,0.07161290322580645,0.07803225806451614,0.08445161290322581,0.0908709677419355,0.09729032258064517,0.10370967741935484,0.11012903225806452,0.11654838709677422,0.12296774193548388,0.12938709677419355,0.13580645161290322,0.1422258064516129,0.1486451612903226,0.15506451612903227,0.16148387096774194,0.16790322580645162,0.1743225806451613,0.180741935483871,0.18716129032258066,0.19358064516129034,0.2]
