rESS=[8152.063399555242 8134.937590325754
 8245.659690230093 8153.249206349617
 8383.138127381297 8198.235697287244
 9003.682663093568 8579.591286356266
 9602.971135634749 8894.926590291136
 9556.89898860133 8676.221485223985
 12607.051986234805 10382.480498297882
 13690.757137455423 11241.959600296565
 16162.941942987942 12542.108179309045
 14259.523461357 11220.177410503078
 9890.963906104069 8679.800688993118
 9172.662432988143 8391.2343162711
 8853.230532105292 8340.584207624737
 10180.682892141864 8878.110222623993
 8923.451572727337 8314.403210400798
 8926.516467504265 8287.508489983773
 8454.568695562693 8152.922484257747
 8147.250247523851 8140.772482870755
 8230.695014127014 8138.1462589535195
 8394.674785721283 8211.332411021265
 8281.813011949245 8168.201268676068
 8303.287917725575 8380.103328779087
 8265.012793150912 8309.009236292753
 8214.865269076601 8213.844975873053
 8147.81327195404 8190.393913788429
 8133.996561990203 8145.802794754083
 8131.518255292095 8131.151131364806
 8130.956139534467 8130.956139534475
 NaN NaN
 NaN NaN
 NaN NaN
 NaN NaN]; raccratiovec=[0.9999950811807297,0.9803615952137721,0.8507180432995208,0.7892151865933213,0.661515613348847,0.5147223972802683,0.5794129004989371,0.5221761377086936,0.4891848983912678,0.39078792364105525,0.21295859555181043,0.15141084195325336,0.1016600067637875,0.12140310743636026,0.07398395441646065,0.058845234450302986,0.032461824778190075,0.002894737934523612,0.018036258026904443,0.014855898205210095,0.008382604002644867,0.0077560280926211225,0.004336337852990193,3.906628707402276e-6,0.0006748463210033206,3.856526242934396e-5,4.746133522938948e-6,4.7622687364732726e-7,1.2817695420414304e-21,4.866719042089851e-54,1.6705556573522442e-88,6.658672783042099e-97]; stepsizevec=[0.001,0.017096774193548388,0.033193548387096775,0.04929032258064516,0.06538709677419355,0.08148387096774193,0.09758064516129032,0.1136774193548387,0.1297741935483871,0.1458709677419355,0.16196774193548386,0.17806451612903226,0.19416129032258064,0.21025806451612905,0.2263548387096774,0.2424516129032258,0.2585483870967742,0.27464516129032257,0.290741935483871,0.3068387096774194,0.3229354838709677,0.3390322580645161,0.3551290322580645,0.3712258064516129,0.3873225806451613,0.40341935483870967,0.4195161290322581,0.4356129032258065,0.4517096774193548,0.4678064516129032,0.4839032258064516,0.5]
