 678.618  1138.48  2398.54  4428.61  3388.83  2352.25  1531.84   1069.13  817.461
 670.119  1155.8   2751.66  4472.81  3765.81  2309.51  1275.89   866.709  948.397
 607.843  1383.4   2637.35  4819.13  4647.25  2097.43   692.067  767.303  493.006
 624.671  1271.32  2505.23  5454.08  5217.06  1355.85   686.678  498.192  423.079
 609.815  1423.19  2727.11  5620.6   5722.97  1369.85   552.171  352.246  282.793
 513.395  1443.07  3016.47  5729.92  5786.26  1389.79   635.66   330.615  204.473
 632.129  1166.23  2874.37  5920.6   6102.74  1401.7    542.367  234.503  166.599



