ESS=[8143.7624048288835 8144.134675923495
 8210.64180429321 8156.580552939808
 8224.131714365902 8148.696388780528
 8571.095063362978 8317.936421746395
 8972.918805010382 8747.799260289343
 NaN NaN
 NaN NaN
 NaN NaN
 NaN NaN
 NaN NaN
 NaN NaN
 NaN NaN
 NaN NaN
 NaN NaN
 NaN NaN
 NaN NaN
 NaN NaN
 NaN NaN
 NaN NaN
 NaN NaN
 NaN NaN
 NaN NaN
 NaN NaN
 NaN NaN
 NaN NaN
 NaN NaN
 NaN NaN
 NaN NaN
 NaN NaN
 NaN NaN
 NaN NaN
 NaN NaN]; accratiovec=[0.9999996751038764,0.9946196709057281,0.9316564376690578,0.9239045922570824,0.8801967520034596,0.8038609614068987,0.8685606935701474,0.9483287711809487,0.9981232684772727,0.9996364309395152,0.9986846820062802,0.9999848686788003,0.9999763720536311,0.9999331826918673,0.9999768507649744,0.9999956087376999,0.9999961926899245,0.9999975635947529,0.9999932835558888,0.9999952700371004,0.9999996667580248,0.999998,0.9999956869856254,1.0,0.999998999721967,0.999999,0.9999978757322877,0.999998,1.0,0.999998,1.0,1.0]; stepsizevec=[0.001,0.017096774193548388,0.033193548387096775,0.04929032258064516,0.06538709677419355,0.08148387096774193,0.09758064516129032,0.1136774193548387,0.1297741935483871,0.1458709677419355,0.16196774193548386,0.17806451612903226,0.19416129032258064,0.21025806451612905,0.2263548387096774,0.2424516129032258,0.2585483870967742,0.27464516129032257,0.290741935483871,0.3068387096774194,0.3229354838709677,0.3390322580645161,0.3551290322580645,0.3712258064516129,0.3873225806451613,0.40341935483870967,0.4195161290322581,0.4356129032258065,0.4517096774193548,0.4678064516129032,0.4839032258064516,0.5]
