ESS=[0.0 0.0
 0.0 0.0
 0.0 0.0
 0.0 0.0
 0.0 0.0
 0.0 0.0
 0.0 0.0
 0.0 0.0
 0.0 0.0
 0.0 0.0
 0.0 0.0
 0.0 0.0
 0.0 0.0
 0.0 0.0
 0.0 0.0
 0.0 0.0]; accratiovec=[0.0,0.0,0.0,0.0,0.0,0.0,0.0,0.0,0.0,0.0,0.0,0.0,0.0,0.0,0.0,0.0]; nitersvec=[5.0,11.333333333333334,17.666666666666668,24.0,30.333333333333336,36.666666666666664,43.0,49.33333333333333,55.66666666666667,62.0,68.33333333333333,74.66666666666666,81.0,87.33333333333334,93.66666666666666,100.0]
ESS=[8135.072089410739 8135.307552717845
 8143.260640318098 8140.4272964688635
 8159.961081746836 8139.221420062513
 8168.84645011017 8153.9532469550995
 8141.872991962888 8132.284561970926
 8154.611511445914 8139.073191584841
 8142.009812372937 8132.028807746414
 8164.245996187595 8138.9200194683335
 8144.811387079147 8136.385204798354
 8175.9338028191 8155.6056662616065
 8154.416933786728 8133.3435619498405
 8177.583244117342 8150.381977803426
 8186.524273412807 8159.147473095507
 8160.213660641918 8140.94842645321
 8162.070731274242 8147.061959431886
 8142.375442821653 8131.643075057861]; accratiovec=[1.0,1.0,0.9999999999959808,0.9999999998690117,1.0,1.0,1.0,1.0,0.9999999995444089,1.0,1.0,0.999999999739008,0.999999999463705,0.9999999995708206,1.0,1.0]; nitersvec=[5.0,11.0,18.0,24.0,30.0,37.0,43.0,49.0,56.0,62.0,68.0,75.0,81.0,87.0,94.0,100.0]
