rESS=[8548.978195517333 8332.773486340191
 8690.239193310834 8275.161507091912
 9880.741987464951 9024.305666413691
 11382.772907937479 10159.414443617978
 12487.170693316784 10158.169063655221
 14436.011271893858 11803.063377939203
 14930.855570663796 12093.34133082319
 15427.679105631485 11582.423420273088
 19648.362100490533 14614.640374314238
 19139.14145583591 13546.551472576388
 23246.37601100153 16877.320833546317
 24651.719535393786 17534.862223157867
 23618.25086745358 15545.717471320926
 20999.708394360106 14271.092741075288
 23621.65995942242 15798.251027986691
 24048.513360476645 15308.187732259888]; raccratiovec=[0.9942758951854928,0.9599269828662751,0.9839827995834485,0.9872375602238279,0.9842064316164937,0.9849915935375237,0.9817695636148287,0.979863619718226,0.9832303558254861,0.9795472598143062,0.9818486486255122,0.9812530072455223,0.9784085654384326,0.9743094621412506,0.9749468903025731,0.9739228484015461]; nitersvec=[5.0,11.0,18.0,24.0,30.0,37.0,43.0,49.0,56.0,62.0,68.0,75.0,81.0,87.0,94.0,100.0]
