accvec=[0.99999560666119 0.9999997052517252 0.9999987577367109 0.9999984939706521 1.0000025055150898 0.9999989515754881 0.9999977750524016 1.0000005073421834 1.0000003283457084 0.9999983642432014 0.9999988097211838 1.000001263311117 0.9999993138582797 0.9999991522194187 1.0000006396743832
 0.6536592771502374 0.7245966453345544 0.7603705431330803 0.7640528190844942 0.786842632116308 0.8390367895925682 0.9213796992821063 0.9193652465020321 0.9498292304616124 0.942530354188553 0.9613824661220303 0.976004394996747 0.9678840190855827 0.9695292402952537 0.9870155456595815
 0.4541939660258421 0.641043991680972 0.7328608742614295 0.6052196495149936 0.862056478844878 0.8816874625714337 0.907012165300394 0.8596936712695038 0.9187235291116337 0.956642332649812 0.9685907997955262 0.9582064083359507 0.9841806597791337 0.982628142912702 0.9894354082531862
 0.2993648680820755 0.6009142421343138 0.6340345339991099 0.6985747063584344 0.605522857357279 0.910401480701967 0.8970505337452271 0.861688595569907 0.9318467192830967 0.9299471483427046 0.8807175263507362 0.9612681373198392 0.9738249940481254 0.9631104276111985 0.9740079399700207
 0.19977328078342663 0.5685186896578315 0.3373981086339614 0.7710027916940353 0.7914965473995063 0.8742292290657321 0.8804495886383336 0.9197772083110464 0.9418186952671806 0.9257594291975721 0.9371350121562614 0.9499473462007272 0.9853140659122804 0.9657473116410951 0.9242379035678244
 0.11625352896918979 0.5011409107190733 0.7063162222940774 0.7320706105015539 0.7802109120782735 0.8743948447798707 0.9004555031188451 0.8789795387426484 0.9297402363955171 0.970064981989053 0.9540365729724414 0.956088708366656 0.9820175736699768 0.9897127596307091 0.9919611812218997
 0.06357872783628972 0.5377836070778595 0.703997063244818 0.6105608866765971 0.7863883082261133 0.7155643658904252 0.8831057703743048 0.8664013734229525 0.9077829168054067 0.9338357225013107 0.9549093106942257 0.8511873576021134 0.8419899613027156 0.9877196764753963 0.9794051153918828
 0.06333089529926429 0.524652305564759 0.597780004470557 0.7904141385630888 0.8031894053227876 0.8420440591320035 0.8843092662669674 0.8481481057552284 0.8937618974858811 0.9215378241110369 0.9131660675632146 0.9107417126913647 0.9504361454240693 0.972986734907808 0.985883108210605
 0.03940789057566863 0.5606335887105225 0.6756626294062303 0.7560171270972148 0.798396572060735 0.882254019046559 0.8936632480912167 0.9261757763257242 0.9296310276798895 0.948632522340059 0.9290965938502496 0.9725926161080857 0.9763528751000604 0.9802084118893639 0.9761625909225419
 0.026269489496965562 0.5298462127281324 0.29258559450201727 0.8055534289102512 0.7977775850236404 0.5890890277248234 0.8025916887389508 0.9070711775943938 0.8666294227768444 0.9246485631479628 0.9417567095641219 0.9779324451581861 0.9421035189186884 0.9792180359897396 0.9846314373267021
 0.012816494817698585 0.4259217971031218 0.6431509110794312 0.7274283736931891 0.8282201103975119 0.8599038979878967 0.8767635547413191 0.8906503442773385 0.9279059141804699 0.9265125636915688 0.966131751217632 0.8388584575012922 0.9616787932251283 0.9877484570181265 0.9613505351027622
 0.010312235011485467 0.4140476468779362 0.6725499438358794 0.8165675594952337 0.7005187204968608 0.8688341235383502 0.8970394845710636 0.8243780629505557 0.9499253398800283 0.9258136595101402 0.8499114900498029 0.9773888942972201 0.904604967880952 0.9482421640573271 0.9824807221456587
 0.0066688266737756725 0.5681154687965061 0.7201674694510899 0.8118851764544618 0.8596581147155624 0.739987700860543 0.8840074887639919 0.9044721822953762 0.9271614310552795 0.9230431988608864 0.9353349163261839 0.9760732546322766 0.9862996385899625 0.9887348985962067 0.9869545414564426
 0.0029002928598335473 0.659258697140803 0.7082050608624816 0.7306820693844184 0.7160529036581375 0.8703110939064089 0.8404222934224506 0.889371412723718 0.926814549462561 0.9295280564116023 0.9658547038303648 0.9525869862878532 0.9580403535105317 0.965825798639127 0.9798018514167103
 0.0011654522142893285 0.5058487355814933 0.6348506888921381 0.795814461674168 0.8828952589242121 0.8200522948861668 0.9122306651137808 0.9101645680233066 0.9296632804006196 0.9042427691251098 0.9385818977787742 0.9336609358707223 0.9802668487070637 0.9887911825425514 0.9871971334269688]; ESSvec=[8134.41041715668 8138.51500305461 8135.078380252047 8137.9684910773385 8140.510057329829 8138.453697139776 8139.860865758084 8157.709097719502 8136.908307052461 8136.592058462467 8132.853406151404 8134.527118203656 8134.229428165099 8151.108270372713 8141.748193878202
 8404.13108557936 8401.280960010217 8387.350686525559 8304.818017448077 8286.548523095142 8297.158937079063 8401.246979458021 8329.674026988361 8360.60795647301 8274.686632201723 8326.754931133917 8319.426236318488 8270.342442175455 8260.822816024298 8295.437925304344
 8994.322818654466 9120.957097396273 8859.139550926284 8301.796660353859 8697.95630341376 8535.585155220764 8466.296458557761 8313.95535202701 8351.604721037089 8413.93423941718 8396.691306577992 8319.412359644632 8397.401465451689 8372.830664304636 8364.814916163252
 9068.801913914001 9290.23982188317 8716.921256320107 8509.228217372309 8302.639237315463 8818.085326498749 8527.55365311576 8370.047528564883 8457.193782268845 8360.530630475889 8275.422621451675 8365.517178772596 8357.542547261266 8313.237598485548 8312.449854883345
 9047.079379068633 9444.111878800031 8357.595306820298 8950.155807495716 8608.93488334951 8687.906762623124 8539.7966249298 8523.174581322786 8493.662358846637 8386.548198879796 8365.432052093134 8331.170617712622 8435.221828480759 8330.597279096368 8238.701482836761
 8812.507773169174 9001.770692195307 9353.483738635441 8845.61064986201 8640.884828928265 8741.526695678487 8635.57036644204 8420.055861148228 8483.549683718427 8561.827316789526 8410.297640855502 8375.759393424583 8411.841003538078 8442.674642260052 8402.697555699457
 8657.388442795385 9506.868467811837 9529.489263202388 8534.594178249466 8723.13820724166 8401.273143167644 8610.56366252179 8437.27560565502 8450.743145866185 8428.643317980148 8433.648558877554 8273.661955918953 8213.846140146301 8427.535410301694 8303.558079848071
 9613.876342595571 9303.433541230797 8806.317364387502 9317.074219821965 8850.3722476437 8663.860175018144 8616.186846632208 8393.248015116138 8430.242072840156 8388.007179236723 8347.886033357932 8315.044593424223 8323.33155002306 8361.683276746355 8376.527629068583
 9061.111237553418 9993.843810275543 9470.913099168822 9092.855703359792 8872.256655001016 8881.677649050758 8669.351335616722 8644.799630421214 8520.072198314447 8488.006847725395 8380.215608591727 8447.63301628298 8394.189151484457 8401.073390844978 8336.895412828257
 8794.769783511849 9471.894460839043 8439.51725517903 9694.783735432755 8877.060918341405 8307.86392999821 8447.484760305782 8604.02101047953 8396.354317552632 8426.031423065038 8389.529022123037 8467.701027215677 8322.784908669142 8397.607369646837 8356.243067801737
 8317.842495215082 8953.935407665065 9439.553201966712 9108.222043691345 9111.041906734134 8827.304973755501 8644.507196999239 8547.36036104555 8527.369880012948 8427.247461161565 8476.925370520748 8236.62162734046 8402.288641533134 8423.693467600566 8300.615938539877
 8378.148520895147 8773.154922631631 9606.849618031532 9901.553750551913 8603.021489291961 8890.852888560545 8746.81836393568 8411.759204039838 8620.02340459219 8435.351751632685 8275.7954486916 8469.285901248753 8291.058512644327 8294.27718353249 8339.762008454034
 8292.948926704863 10592.316625241612 10256.071109975452 9964.995430785428 9365.452733524304 8487.726497969008 8676.924362192052 8606.373054854646 8531.598829689563 8451.10892604979 8408.30432233755 8487.209647932405 8483.037051315405 8433.128381561011 8409.901749398243
 8204.028281207531 13510.244102593579 10286.524798930233 9315.698484207007 8595.007591773116 8956.667118339938 8580.872198880421 8576.284390363815 8530.418252262432 8440.671588419014 8477.836369655746 8383.096094501801 8348.387941444013 8347.11649684351 8343.265359422276
 8150.743477283207 9678.889477428915 9604.24546795305 9875.771851811714 9682.239851018394 8684.347380811574 8856.114357489812 8603.168027172345 8553.459666526323 8402.938493396892 8387.18201477217 8370.955474631704 8436.213312196833 8477.524435117975 8385.113904015423]; cvec=[0.01,0.7235714285714285,1.437142857142857,2.150714285714286,2.864285714285714,3.577857142857143,4.291428571428571,5.005,5.718571428571428,6.432142857142858,7.145714285714286,7.859285714285714,8.572857142857142,9.286428571428573,10.0]; mvec=[0.01,0.3664285714285714,0.7228571428571428,1.0792857142857142,1.4357142857142855,1.7921428571428573,2.1485714285714286,2.505,2.861428571428571,3.217857142857143,3.5742857142857143,3.9307142857142856,4.287142857142857,4.643571428571429,5.0]
