rESS=[8134.183626623728 8131.33269662895
 8146.969536487145 8139.796184510219
 8139.416002424167 8131.731178482461
 8153.848560870176 8142.319999949888
 8142.00196558101 8135.259741761134
 8149.200762947626 8137.5670303775105
 8145.5726767321985 8136.468196374948
 8161.881891477934 8138.598941257718
 8143.473357371335 8135.745773222918
 8163.343564609141 8138.469513073651
 8143.671038058381 8134.021205723233
 8174.672767219318 8139.8562068651545
 8198.467976797065 8159.2581065425775
 8208.167337876048 8156.431438572164
 8185.083284270463 8147.554475558562
 8222.107083810924 8179.114729881578]; raccratiovec=[0.9999999998190248,0.9999999999002753,1.0,0.9999999987335499,0.999999999759801,0.999999996217376,0.9999999952003762,0.9999999985260359,1.0,0.999999998731731,0.9999999960362018,0.99999999978467,1.0,0.9999999992789697,1.0,1.0]; nitersvec=[5.0,11.0,18.0,24.0,30.0,37.0,43.0,49.0,56.0,62.0,68.0,75.0,81.0,87.0,94.0,100.0]
